6544 14202 25134 41374 19087 28411 26402 32397 65385 33101 0 9969 59480 43573 28752 44859 10863 0 18149 11203 18776 0 8063 0 26734 20051 90479 72765 39189 43114 27217 31115 
0 11579 18832 30340 0 12872 0 0 43278 43280 20335 27575 63414 76320 42757 63444 61982 25267 37818 0 17632 0 62958 28156 32494 0 55335 106526 46955 56094 51366 31416 
41975 40547 53833 83548 51002 60588 58994 57482 128293 86243 68734 70645 111725 142481 0 47029 82220 51328 64219 58614 87967 75679 65125 0 0 14037 65108 71155 0 13054 24431 14207 
27608 12280 36904 72363 59011 0 13003 0 79986 44186 33788 36599 77482 153816 43072 49522 108180 16486 0 104482 92607 163320 127589 127667 101727 161786 219249 193361 121559 0 21161 13036 
23931 0 0 61775 100060 82240 87975 125778 177660 87014 67284 64856 115014 214956 0 0 72564 0 72855 94499 98888 132288 64088 69816 0 42695 82473 0 93681 37425 32018 11749 
32646 17375 19742 70400 75901 31973 0 54531 106957 0 9914 0 55513 166478 0 0 110132 230163 186595 174698 137233 135256 0 51059 12764 54911 88108 0 56126 18129 0 0 
36848 22398 24897 83235 70319 10510 0 51623 101718 0 0 13506 90301 245877 124571 123436 122322 191414 83215 0 250015 143372 115435 172293 116674 187407 161920 0 57672 32116 41838 0 
27939 0 14262 77688 62086 0 11399 202588 217339 160703 143268 401441 343337 395331 269193 286554 281031 393907 216955 151858 436332 0 0 61159 10540 84632 0 10593 39268 0 32957 11233 
39005 35787 36523 111474 122544 133948 0 138998 149143 86056 126043 245808 143368 163375 112940 177118 0 80258 106709 54356 346063 70198 32853 99277 0 81930 0 17006 61295 67699 63220 19652 
56580 69616 0 86679 0 139844 108315 171945 156987 94496 106933 312068 192076 232075 113832 209291 168778 0 55542 0 441794 241807 185527 260679 289037 117066 10396 0 0 55474 57856 21667 
0 45275 0 163884 123509 139247 260954 305721 238468 137453 139252 340471 0 35625 0 194184 475383 276421 279746 218162 295662 128371 0 54848 155169 86360 0 17141 142889 124607 98457 26630 
41271 112019 62951 113476 101835 53834 162346 162868 53036 72826 32199 301025 0 63172 78568 25200 245188 37838 0 36153 0 86571 0 47618 199977 151088 78482 97827 159891 65468 0 17871 
35972 24931 0 52300 65972 41015 152144 185913 0 32905 0 270884 0 0 44768 0 364524 150032 102918 156540 116127 219426 214379 192488 244837 287842 0 21209 123779 37104 14557 27662 
27379 0 41697 40250 81783 46853 219319 334018 140225 186492 158152 482589 204751 179600 331660 71083 373224 76718 0 23742 0 129570 94835 56754 88422 178300 0 29087 121162 28820 0 26188 
34741 14882 30952 0 0 0 80718 216842 31099 55075 37382 332075 22833 0 506891 189521 504780 111619 99952 128173 91648 208666 120934 0 76425 297998 153414 223777 195470 59087 26526 51248 
72936 67676 79822 100746 184819 178147 204587 288354 0 22198 13434 307899 20795 0 325520 0 161402 0 12669 28226 0 248256 137736 96917 214578 167600 188484 189821 176916 86265 42304 65687 
15126 12159 0 30807 87002 68478 0 222868 68601 93745 85926 407200 88576 73235 397663 0 182862 53030 33347 42467 0 175017 30774 0 0 0 59173 89415 95499 9142 0 11266 
9771 0 13380 37661 99076 145274 64455 182265 0 0 0 314493 18966 0 273361 0 170346 40852 0 10933 0 178830 20560 0 0 33236 71862 98081 90622 0 0 0 
0 20842 57705 66953 125041 141572 33619 113743 34853 20594 0 445673 130398 113157 596723 252635 332417 105170 10719 0 35856 182077 0 14368 164988 108742 129314 116339 127137 0 0 0 
28086 25958 42467 27650 81049 115608 0 49529 31363 17815 0 282150 16594 0 378564 48468 0 60731 0 81793 139100 222939 0 10417 115635 28953 0 106238 136778 85874 120047 85019 
17034 0 18238 0 71198 122096 52268 82822 85001 75450 81490 365214 0 10519 417883 115876 82062 262742 153995 193583 303647 148527 0 0 98450 0 10075 27585 23203 0 45883 47528 
31332 32617 42119 46335 144335 175690 135698 0 29477 0 22830 322407 39322 48438 436284 113855 77856 128062 0 14029 161423 0 0 0 108854 22502 0 0 0 101194 93762 75378 
26430 22424 0 15464 0 78957 78731 0 35275 13793 20258 286204 0 10609 383247 68481 30028 43815 9951 0 373484 175611 162823 169721 257051 130400 86290 83075 87276 186883 0 37830 
27462 31221 17942 35789 25486 94014 85360 0 37457 36922 35216 308243 21439 0 377035 101690 50646 52323 0 85127 167363 23839 0 11142 0 28270 0 0 11373 149477 44923 61748 
97638 81553 88723 104923 121465 203443 288053 182969 193626 199599 193256 504037 240107 273364 526908 129752 34153 0 110561 107739 147486 0 8951 0 41193 44770 0 11648 0 126517 31228 20817 
100692 40223 62947 70112 93403 99606 213340 147326 150410 167882 150872 376059 139977 139341 338848 129413 0 30400 85235 92808 104754 58882 77481 40855 55459 0 10081 19220 0 114688 19920 0 
56387 0 8912 21715 26531 31302 78780 33949 0 25480 0 352676 245204 293925 457582 257442 213762 225726 255478 314100 0 0 64686 36926 52661 29446 34906 43442 30898 131789 34647 0 
92858 78042 0 10714 14663 0 57204 30663 0 49855 56716 66514 128395 192322 539994 307084 304685 287966 277507 548393 399270 355685 268249 184030 207624 163186 170388 153823 167520 204301 21032 10360 
0 48068 19998 0 0 9297 54733 29597 27999 45245 31566 0 17514 114337 58132 0 35265 21700 26513 0 91844 130889 86086 59292 90082 68420 62604 45255 77615 0 0 0 
0 42668 35411 14417 22046 0 70252 44635 75861 35178 0 11781 20077 107973 43781 0 26165 0 10018 0 35640 53593 25745 0 43623 33752 32068 31859 66489 35182 0 0 
0 0 20175 0 17101 8694 0 0 35305 0 7967 0 0 112014 63237 25314 40931 17616 0 12362 35064 70528 48094 26836 36647 29618 18858 0 65307 42833 30637 16829 
0 0 31228 21809 49723 63341 59192 66228 102718 60629 78038 73611 79936 145666 50169 0 17288 12004 0 9640 32183 32537 25785 16950 23237 32646 17144 9719 0 19567 10332 10299 
