6544 16077 38045 68269 31206 36890 34293 37062 74237 39110 0 11703 27416 25484 14110 19625 11594 0 21438 11026 18402 0 7652 0 24249 19598 123009 87199 52090 59220 39349 60551 
0 9602 22964 35248 0 8651 0 0 42673 37520 16553 25665 40210 69692 41745 54036 71765 27933 31639 0 17363 0 48808 21067 25071 0 67723 106836 47241 62440 59096 47612 
36137 30123 45848 97712 60944 52975 53410 48622 114641 62386 43697 44768 65359 105176 0 28828 109654 59949 61849 51156 70843 83342 55350 0 0 16131 84190 72727 0 14774 32041 29104 
22300 16007 46881 99391 77155 0 11289 0 193616 121638 110208 112764 144998 206080 115286 126976 275256 23733 0 20399 34624 183021 101794 89225 81417 183394 229328 190681 116989 0 28635 28895 
19688 0 0 80410 136224 91291 87673 124252 166092 110506 89390 89279 127618 245439 0 0 166100 0 162553 95628 104657 244198 35850 26528 0 65092 91483 0 91792 45969 47691 35491 
32750 23297 24697 95197 114799 34879 0 103170 108836 0 9749 0 48350 174624 0 0 229059 163977 203683 119143 131415 251985 0 19667 12263 78176 98344 0 75092 23642 0 0 
41396 27066 28299 100834 110412 10674 0 72774 54546 0 0 16745 69827 280981 284219 210804 299856 238114 159217 0 173692 240757 153420 175147 153306 271498 180266 0 80108 38132 47488 0 
26130 0 13448 84245 85539 0 10732 117664 81436 54518 52849 170895 154427 191307 199816 189859 234021 296295 172194 130678 337069 0 0 27371 12939 144046 0 12570 59798 0 36045 16836 
36220 47109 37281 114711 175241 179202 0 107524 77612 46265 196311 188387 150233 187419 196687 152717 0 130735 126896 85105 289693 113936 41492 81240 0 134673 0 20425 100933 72023 114526 41789 
45003 62114 0 79511 0 194869 103971 167474 140180 113438 195272 303244 231406 292353 198442 256622 221707 0 48145 0 335603 285480 189723 234770 287593 198977 10838 0 0 30543 71935 30466 
0 42677 0 152347 224898 235850 230943 275182 192115 165746 217822 261546 0 34440 0 129102 378687 214503 186179 130782 169238 136392 0 39249 134914 90277 0 27083 143539 105914 132964 41954 
27811 96453 54738 85819 156654 67925 91181 127793 33319 58948 47080 237526 0 57265 77778 28452 225186 55841 0 28324 0 111516 0 62930 169533 142381 61181 87749 111903 41494 0 37415 
34215 30182 0 44558 130876 67171 113519 179118 0 36666 0 204041 0 0 44098 0 361328 250328 157347 265109 193291 314460 210522 176964 239493 257870 0 25838 104110 36704 12903 52108 
24830 0 101058 67357 220346 119714 182114 299995 131832 179998 147203 392483 193955 160996 291561 78958 359373 131655 0 66282 0 86793 63793 22644 110584 163668 0 23098 96931 30985 0 49196 
45104 32499 78204 0 0 0 87379 227810 62058 97922 71993 328975 30338 0 407948 151512 421310 52646 41763 119297 39362 118447 66234 0 106284 295302 160456 243441 162670 73622 29681 80267 
60545 48685 86218 92639 159242 140973 187287 208369 0 29515 16625 276754 33366 0 266685 0 156718 0 12576 75275 0 202016 149565 102353 273431 191550 236003 245263 219460 113266 57208 107203 
15947 12946 0 36601 81537 50879 0 168584 43778 81353 66675 340302 81340 55521 318771 0 177012 142857 80404 131339 0 139376 29089 0 0 0 78620 118813 107797 10683 0 10071 
11233 0 12613 54780 97998 137256 71178 177144 0 0 0 277278 29254 0 227229 0 165087 84269 0 10991 0 150219 25464 0 0 58827 106751 137710 106718 0 0 0 
0 25529 96897 113184 146431 141402 49828 123226 61609 43984 0 470817 219178 191517 619685 432951 304615 113281 10729 0 32401 151760 0 12376 177647 126539 151816 115847 130588 0 0 0 
45645 36677 67831 31776 48755 101391 0 50390 52196 28076 0 174029 32029 0 330893 153914 0 86027 0 136655 93447 187318 0 11424 141485 50467 0 137048 192814 124278 179469 122223 
27941 0 35750 0 43149 107497 37333 51821 80456 71135 76248 237466 0 13995 349376 236166 134124 279320 154948 222533 265891 109802 0 0 112112 0 11597 28994 24649 0 67739 67011 
77236 46081 69831 31794 81479 134079 72574 0 49038 0 28589 243797 60970 76054 411044 300562 162645 208296 0 14313 136024 0 0 0 140414 57968 0 0 0 114728 149131 165476 
62297 25793 0 18396 0 86131 46708 0 59980 18085 27297 189414 0 11600 320822 195499 63618 29345 9594 0 321634 161613 149552 157315 240133 136612 81529 78514 82118 180768 0 68924 
63175 35367 20701 45893 36417 99306 46931 0 77857 66630 66550 237063 42294 0 313155 189756 60999 20510 0 66129 125783 25209 0 10863 0 42442 0 0 11719 149904 52374 100397 
136455 87605 93940 108224 126941 197355 214776 166585 185948 188461 179768 358433 233399 241983 456545 244102 87301 0 110576 95756 126249 0 8607 0 66816 72376 0 12340 0 129664 75250 62984 
161305 66002 89740 102138 125570 134725 176032 164400 157165 168554 153966 281578 154012 174698 334001 251167 0 31929 88324 79456 72070 43968 56518 38087 63732 0 11553 16460 0 116688 42860 0 
66478 0 11620 26100 28524 40861 57521 56617 0 23990 0 154851 163636 199237 323713 307964 193243 211379 237726 289212 0 0 62551 41280 72747 39275 52242 57896 51238 154355 79537 0 
110248 94701 0 12544 15138 0 36602 43227 0 37224 50559 51592 147396 184569 471778 265484 270607 263964 263299 492522 414545 240658 213352 150785 194393 143626 135933 137255 136196 206896 24549 10054 
0 56031 19874 0 0 9682 37448 52115 35059 41464 34026 0 17289 115889 55019 0 59232 39136 55061 0 171242 101377 91013 71787 116900 93845 58021 56967 55309 0 0 0 
0 62076 46511 23377 36740 0 42111 33617 43001 23511 0 12050 22443 116629 47826 0 38046 0 11216 0 47462 42198 23131 0 80509 73592 48356 66510 66871 50736 0 0 
0 0 20242 0 26506 6250 0 0 20823 0 7974 0 0 137137 87199 42380 70263 20937 0 11620 52197 57314 45229 25596 32326 46181 17410 0 49316 42589 24635 19040 
0 0 37013 22997 60243 55208 53991 59024 83443 67193 85145 80974 87240 156652 52698 0 15156 12890 0 11736 65823 48053 49813 39653 41093 67646 18404 9240 0 24789 10845 15366 
