6544 14269 42072 103678 50881 56868 52199 54433 104114 39943 0 10898 338245 182463 170021 326413 11170 0 21167 11323 17898 0 8264 0 111176 60159 98157 99110 59568 65950 46849 75196 
0 11762 26972 54169 0 9030 0 0 91299 169957 101506 113002 286405 137643 115630 283432 130188 99255 187815 0 17317 0 143526 67786 117058 0 30690 112250 49371 63738 62124 55300 
254203 144515 159424 204958 147852 135886 137759 130585 168371 220750 146751 148224 313208 65968 0 319186 194353 182518 338419 347165 240374 98087 151011 0 0 13571 41322 72118 0 14596 33543 36123 
136036 10561 18193 89088 35230 0 11419 0 51908 97075 39447 41549 117273 88557 31879 40697 69715 14338 0 198869 169836 98313 115475 154510 109667 156079 167240 181703 96085 0 30063 35458 
130324 0 0 82683 70360 56243 59447 174093 143244 172839 58245 53581 135758 99224 0 0 43574 0 110066 279219 210864 163170 161549 289573 0 36203 42665 0 87746 58160 57546 49916 
142115 19274 23218 90256 56266 25471 0 89721 59012 0 9637 0 73139 82510 0 0 68577 127099 147544 112725 87877 23542 0 180118 19570 52297 48429 0 73658 30546 0 0 
162495 30991 35548 110247 60104 10950 0 84405 54324 0 0 18735 107688 116569 48128 52144 54600 96766 83786 0 120159 45035 35281 224228 56254 105374 79190 0 81927 47776 58141 0 
140781 0 15188 87026 32746 0 10278 126342 85434 214061 122013 202330 245530 228025 142247 158470 157558 216188 169740 91486 255278 0 0 166747 13866 67200 0 12064 54804 0 41756 18106 
146884 55060 41175 124931 51990 27988 0 115738 90207 149014 41708 86271 103661 64030 30941 52967 0 46526 125777 43518 208413 51407 30069 194293 0 61115 0 21409 92860 62567 115371 53035 
272665 294070 0 92378 0 33051 25283 122614 99462 169745 61899 143275 177492 226740 42015 73443 54723 0 85754 0 299884 163481 143561 312465 241747 82502 10442 0 0 19053 68473 37633 
0 161958 0 110987 46405 44439 87787 161076 99139 174185 21348 79924 0 90705 0 62880 262469 156067 214763 90754 89815 46820 0 195545 170032 138488 0 30380 136149 88954 129689 49813 
128776 269754 57660 149453 95075 42086 70416 155558 69627 209459 27857 101979 0 171113 192376 33586 147532 32625 0 30858 0 31663 0 144304 183142 200027 104490 162697 141630 32938 0 43059 
201556 143633 0 159796 130517 96516 124516 276943 0 124845 0 79840 0 0 99548 0 180260 90388 52824 95221 54768 85182 200976 240446 209898 224840 0 54999 117266 30703 13985 58569 
134220 0 57162 51210 103992 60301 106133 318684 98215 237553 107798 216942 149523 112313 258816 70080 218411 99824 0 37816 0 214643 195605 182006 116177 156236 0 47751 108898 21064 0 53012 
143259 17043 41262 0 0 0 53066 250362 31697 146988 33560 121762 31143 0 423060 152906 302996 160394 137408 279787 174999 312097 190347 0 89160 225484 120807 208006 164109 59805 27778 83283 
276091 163429 192410 214056 331867 125148 120165 280604 0 112860 17713 110753 35302 0 279629 0 97265 0 14146 96001 0 197972 131152 88980 226554 158722 196127 231809 216485 100203 63839 120346 
18952 13108 0 43910 169674 60211 0 263200 65836 266194 171091 340064 136941 97590 378142 0 118126 191654 104208 175507 0 131181 30646 0 0 0 65516 122456 120066 11035 0 9827 
12277 0 12578 54993 189347 138131 68292 239663 0 0 0 177047 34747 0 209720 0 102556 108005 0 11389 0 148827 31679 0 0 61170 96250 143250 118058 0 0 0 
0 24152 84403 99396 226472 131449 48248 192559 37997 21207 0 284115 124414 94590 391154 184786 183339 132348 10813 0 38455 150786 0 12114 176289 125992 138434 128807 152448 0 0 0 
40562 32712 62266 39441 142353 96108 0 123522 37431 16881 0 188855 41011 0 254832 56043 0 106951 0 115562 134508 193358 0 11662 144975 53311 0 138995 195352 126716 161508 168245 
23987 0 32713 0 142847 124725 109814 255600 199232 160360 169360 405193 0 11110 270794 99266 141932 304699 151971 208878 260965 62578 0 0 114445 0 12082 29344 24704 0 46040 91115 
49956 34051 63204 38358 244512 209872 260472 0 43886 0 36866 298003 56871 71607 317122 92586 114027 187537 0 13333 146070 0 0 0 133424 42316 0 0 0 45719 80631 135163 
42301 20860 0 14431 0 78469 150299 0 56359 26174 21125 239137 0 14554 245815 52921 73941 111059 9869 0 321313 146039 137158 145262 238183 117391 53576 49476 54238 92541 0 104214 
45005 34380 22636 46502 32185 102373 163988 0 64408 95815 71602 297109 40119 0 238071 214895 156916 186831 0 58418 131840 16479 0 10571 0 44971 0 0 12198 151740 92401 171771 
99671 72348 73669 89627 85825 146878 288855 116209 129458 160988 130483 356865 181360 189129 348856 193892 108221 0 74087 75438 117752 0 8977 0 77159 78797 0 12458 0 96275 77368 60835 
110400 43618 64248 81151 80159 105587 251947 67514 68170 100991 69254 231987 74556 114713 233355 183432 0 172225 213006 168996 215068 160428 192726 143813 186679 0 11983 16195 0 89549 50471 0 
54950 0 11854 39218 34698 57519 208267 45292 0 39400 0 298413 191027 235002 332050 256217 190115 275799 250466 237947 0 0 62518 62599 114347 55338 65037 67750 59379 137554 93397 0 
88529 73867 0 11796 13111 0 158405 30287 0 242448 141490 149447 181244 257144 445820 314964 274106 336575 195412 392677 348480 177521 123214 93351 149894 118128 114670 116130 113627 170022 31493 10240 
0 44469 18032 0 0 9860 166113 40223 37119 155794 33294 0 18608 105914 51085 0 55104 43940 51625 0 169222 104399 86558 71180 121461 92231 59047 59254 53195 0 0 0 
0 48568 37738 19433 30442 0 290358 157863 211574 258604 0 12179 19964 100350 36907 0 35536 0 11132 0 51819 46650 23869 0 88239 74811 52655 71574 70037 50460 0 0 
0 0 18237 0 23764 6915 0 0 50420 0 8024 0 0 119328 68429 36744 62951 21087 0 11603 54106 63810 46835 25421 31878 43391 18014 0 49258 42899 25023 19404 
0 0 33549 23744 59671 63970 61314 69008 126883 59372 75606 68854 72818 133570 35430 0 15880 13466 0 11752 70451 52023 45246 37278 39810 64644 18745 9362 0 24303 10796 14906 
